2018-05-31 00:00:00 7 2
    -8    10.5480003356934
    -10.5    9.50809955596924
    -13.3    9.07600021362305
    -15    8.83839988708496
    -19    8.81210041046143
    -21.3    8.95300006866455
    -23.8    8.90200042724609
2018-05-31 12:00:00 7 2
    -8    10.4020004272461
    -10.5    9.67809963226318
    -13.3    8.91800022125244
    -15    8.83650016784668
    -19    8.8125
    -21.3    8.81400012969971
    -23.8    8.7810001373291
2018-06-01 00:00:00 7 2
    -8    10.3199996948242
    -10.5    9.63290023803711
    -13.3    8.89099979400635
    -15    8.83399963378906
    -19    8.81120014190674
    -21.3    8.79500007629395
    -23.8    8.72500038146973
2018-06-01 12:00:00 7 2
    -8    10.375
    -10.5    9.76599979400635
    -13.3    8.88099956512451
    -15    8.83570003509521
    -19    8.8125
    -21.3    8.79500007629395
    -23.8    8.6879997253418
2018-06-02 00:00:00 7 2
    -8    10.4840002059937
    -10.5    9.77849960327148
    -13.3    8.92800045013428
    -15    8.83740043640137
    -19    8.80980014801025
    -21.3    8.80500030517578
    -23.8    8.71599960327148
2018-06-02 12:00:00 7 2
    -8    10.41100025177
    -10.5    9.73470020294189
    -13.3    8.89099979400635
    -15    8.83100032806396
    -19    8.80690002441406
    -21.3    8.76700019836426
    -23.8    8.67800045013428
2018-06-03 00:00:00 7 2
    -8    10.3570003509521
    -10.5    9.70540046691895
    -13.3    8.89099979400635
    -15    8.83279991149902
    -19    8.80420017242432
    -21.3    8.79500007629395
    -23.8    8.73400020599365
2018-06-03 12:00:00 7 2
    -8    10.3929996490479
    -10.5    9.69040012359619
    -13.3    8.88099956512451
    -15    8.83570003509521
    -19    8.80230045318604
    -21.3    8.78600025177002
    -23.8    8.74400043487549
2018-06-04 00:00:00 7 2
    -8    10.4020004272461
    -10.5    9.57610034942627
    -13.3    8.89999961853027
    -15    8.83740043640137
    -19    8.80029964447021
    -21.3    8.77700042724609
    -23.8    8.71599960327148
2018-06-04 12:00:00 7 2
    -8    10.4300003051758
    -10.5    9.62539958953857
    -13.3    8.87199974060059
    -15    8.83819961547852
    -19    8.79940032958984
    -21.3    8.77700042724609
    -23.8    8.71599960327148
2018-06-05 00:00:00 7 2
    -8    10.41100025177
    -10.5    9.72060012817383
    -13.3    8.89099979400635
    -15    8.84090042114258
    -19    8.79889965057373
    -21.3    8.77700042724609
    -23.8    8.72500038146973
2018-06-05 12:00:00 7 2
    -8    10.3020000457764
    -10.5    9.52729988098145
    -13.3    8.86299991607666
    -15    8.83419990539551
    -19    8.79570007324219
    -21.3    8.78600025177002
    -23.8    8.71599960327148
2018-06-06 00:00:00 7 2
    -8    10.4390001296997
    -10.5    9.70209980010986
    -13.3    8.89099979400635
    -15    8.83730030059814
    -19    8.79109954833984
    -21.3    8.75800037384033
    -23.8    8.72500038146973
2018-06-06 12:00:00 7 2
    -8    10.4750003814697
    -10.5    9.70650005340576
    -13.3    8.86299991607666
    -15    8.84020042419434
    -19    8.78429985046387
    -21.3    8.77700042724609
    -23.8    8.69699954986572
2018-06-07 00:00:00 7 2
    -8    10.4930000305176
    -10.5    9.6923999786377
    -13.3    8.87199974060059
    -15    8.84519958496094
    -19    8.78269958496094
    -21.3    8.74899959564209
    -23.8    8.69699954986572
2018-06-07 12:00:00 7 2
    -8    10.3479995727539
    -10.5    9.60919952392578
    -13.3    8.85299968719482
    -15    8.83300018310547
    -19    8.77789974212646
    -21.3    8.74899959564209
    -23.8    8.73400020599365
2018-06-08 00:00:00 7 2
    -8    10.4390001296997
    -10.5    9.50059986114502
    -13.3    8.82499980926514
    -15    8.82209968566895
    -19    8.77420043945312
    -21.3    8.76700019836426
    -23.8    8.70600032806396
2018-06-08 12:00:00 7 2
    -8    10.2569999694824
    -10.5    9.5487003326416
    -13.3    8.86299991607666
    -15    8.81480026245117
    -19    8.77250003814697
    -21.3    8.77700042724609
    -23.8    8.71599960327148
2018-06-09 00:00:00 7 2
    -8    10.3479995727539
    -10.5    9.55099964141846
    -13.3    8.85299968719482
    -15    8.8193998336792
    -19    8.77099990844727
    -21.3    8.76700019836426
    -23.8    8.6879997253418
2018-06-09 12:00:00 7 2
    -8    10.2290000915527
    -10.5    9.40470027923584
    -13.3    8.85299968719482
    -15    8.81369972229004
    -19    8.76949977874756
    -21.3    8.77700042724609
    -23.8    8.66899967193604
2018-06-10 00:00:00 7 2
    -8    10.2200002670288
    -10.5    9.35820007324219
    -13.3    8.86299991607666
    -15    8.81659984588623
    -19    8.76990032196045
    -21.3    8.77700042724609
    -23.8    8.70600032806396
2018-06-10 12:00:00 7 2
    -8    10.375
    -10.5    9.63669967651367
    -13.3    8.8439998626709
    -15    8.82209968566895
    -19    8.77390003204346
    -21.3    8.75800037384033
    -23.8    8.70600032806396
2018-06-11 00:00:00 7 2
    -8    10.2930002212524
    -10.5    9.34510040283203
    -13.3    8.8439998626709
    -15    8.82059955596924
    -19    8.77369976043701
    -21.3    8.78600025177002
    -23.8    8.71599960327148
2018-06-11 12:00:00 7 2
    -8    10.4479999542236
    -10.5    9.27040004730225
    -13.3    8.87199974060059
    -15    8.82590007781982
    -19    8.77560043334961
    -21.3    8.76700019836426
    -23.8    8.70600032806396
2018-06-12 00:00:00 7 2
    -8    10.2840003967285
    -10.5    9.39900016784668
    -13.3    8.85299968719482
    -15    8.82369995117188
    -19    8.77849960327148
    -21.3    8.79500007629395
    -23.8    8.71599960327148
2018-06-12 12:00:00 7 2
    -8    10.3570003509521
    -10.5    9.29199981689453
    -13.3    8.85299968719482
    -15    8.82699966430664
    -19    8.77929973602295
    -21.3    8.77700042724609
    -23.8    8.70600032806396
2018-06-13 00:00:00 7 2
    -8    10.2659997940063
    -10.5    9.33619976043701
    -13.3    8.85299968719482
    -15    8.82569980621338
    -19    8.78209972381592
    -21.3    8.78600025177002
    -23.8    8.70600032806396
2018-06-13 12:00:00 7 2
    -8    10.3299999237061
    -10.5    9.3189001083374
    -13.3    8.83500003814697
    -15    8.82540035247803
    -19    8.78380012512207
    -21.3    8.77700042724609
    -23.8    8.70600032806396
2018-06-14 00:00:00 7 2
    -8    10.2290000915527
    -10.5    9.30700016021729
    -13.3    8.85299968719482
    -15    8.82450008392334
    -19    8.78610038757324
    -21.3    8.73900032043457
    -23.8    8.73400020599365
2018-06-14 12:00:00 7 2
    -8    10.2290000915527
    -10.5    9.04800033569336
    -13.3    8.83500003814697
    -15    8.82180023193359
    -19    8.7859001159668
    -21.3    8.78600025177002
    -23.8    8.71599960327148
2018-06-15 00:00:00 7 2
    -8    10.2930002212524
    -10.5    9.42010021209717
    -13.3    8.81599998474121
    -15    8.8213996887207
    -19    8.79069995880127
    -21.3    8.78600025177002
    -23.8    8.71599960327148
2018-06-15 12:00:00 7 2
    -8    10.1569995880127
    -10.5    9.17440032958984
    -13.3    8.80700016021729
    -15    8.81770038604736
    -19    8.79049968719482
    -21.3    8.75800037384033
    -23.8    8.66899967193604
2018-06-16 00:00:00 7 2
    -8    10.2749996185303
    -10.5    9.09669971466064
    -13.3    8.8439998626709
    -15    8.82159996032715
    -19    8.78960037231445
    -21.3    8.77700042724609
    -23.8    8.71599960327148
2018-06-16 12:00:00 7 2
    -8    10.3660001754761
    -10.5    9.46370029449463
    -13.3    8.85299968719482
    -15    8.82509994506836
    -19    8.7947998046875
    -21.3    8.77700042724609
    -23.8    8.71599960327148
2018-06-17 00:00:00 7 2
    -8    10.2110004425049
    -10.5    9.29220008850098
    -13.3    8.85299968719482
    -15    8.82390022277832
    -19    8.79640007019043
    -21.3    8.76700019836426
    -23.8    8.69699954986572
2018-06-17 12:00:00 7 2
    -8    10.2749996185303
    -10.5    9.36929988861084
    -13.3    8.86299991607666
    -15    8.82359981536865
    -19    8.79860019683838
    -21.3    8.76700019836426
    -23.8    8.72500038146973
2018-06-18 00:00:00 7 2
    -8    10.2019996643066
    -10.5    9.47070026397705
    -13.3    8.8439998626709
    -15    8.82470035552979
    -19    8.80189990997314
    -21.3    8.77700042724609
    -23.8    8.71599960327148
2018-06-18 12:00:00 7 2
    -8    10.1929998397827
    -10.5    9.05379962921143
    -13.3    8.83500003814697
    -15    8.82409954071045
    -19    8.79769992828369
    -21.3    8.80500030517578
    -23.8    8.72500038146973
2018-06-19 00:00:00 7 2
    -8    10.1750001907349
    -10.5    9.12779998779297
    -13.3    8.82499980926514
    -15    8.82499980926514
    -19    8.80189990997314
    -21.3    8.77700042724609
    -23.8    8.64999961853027
2018-06-19 12:00:00 7 2
    -8    10.1379995346069
    -10.5    9.07400035858154
    -13.3    8.83500003814697
    -15    8.8238000869751
    -19    8.80239963531494
    -21.3    8.75800037384033
    -23.8    8.70600032806396
2018-06-20 00:00:00 7 2
    -8    10.128999710083
    -10.5    9.21360015869141
    -13.3    8.8439998626709
    -15    8.82400035858154
    -19    8.80630016326904
    -21.3    8.74899959564209
    -23.8    8.73400020599365
2018-06-20 12:00:00 7 2
    -8    10.2930002212524
    -10.5    9.54860019683838
    -13.3    8.85299968719482
    -15    8.8253002166748
    -19    8.81190013885498
    -21.3    8.79500007629395
    -23.8    8.73400020599365
2018-06-21 00:00:00 7 2
    -8    10.2930002212524
    -10.5    9.52280044555664
    -13.3    8.85299968719482
    -15    8.82470035552979
    -19    8.81099987030029
    -21.3    8.76700019836426
    -23.8    8.69699954986572
2018-06-21 12:00:00 7 2
    -8    10.0740003585815
    -10.5    9.19670009613037
    -13.3    8.85299968719482
    -15    8.82299995422363
    -19    8.81079959869385
    -21.3    8.77700042724609
    -23.8    8.72500038146973
2018-06-22 00:00:00 7 2
    -8    10.1750001907349
    -10.5    9.53170013427734
    -13.3    8.8439998626709
    -15    8.82479953765869
    -19    8.81169986724854
    -21.3    8.76700019836426
    -23.8    8.71599960327148
2018-06-22 12:00:00 7 2
    -8    10.1020002365112
    -10.5    9.21430015563965
    -13.3    8.8439998626709
    -15    8.82310009002686
    -19    8.80900001525879
    -21.3    8.80500030517578
    -23.8    8.72500038146973
2018-06-23 00:00:00 7 2
    -8    10.0930004119873
    -10.5    9.39739990234375
    -13.3    8.8439998626709
    -15    8.82509994506836
    -19    8.80939960479736
    -21.3    8.79500007629395
    -23.8    8.74400043487549
2018-06-23 12:00:00 7 2
    -8    10.0469999313354
    -10.5    9.45370006561279
    -13.3    8.89099979400635
    -15    8.82680034637451
    -19    8.80860042572021
    -21.3    8.79500007629395
    -23.8    8.71599960327148
2018-06-24 00:00:00 7 2
    -8    10.0200004577637
    -10.5    9.42329978942871
    -13.3    8.88099956512451
    -15    8.82499980926514
    -19    8.81239986419678
    -21.3    8.78600025177002
    -23.8    8.72500038146973
2018-06-24 12:00:00 7 2
    -8    10.0290002822876
    -10.5    9.41849994659424
    -13.3    8.89099979400635
    -15    8.82709980010986
    -19    8.81760025024414
    -21.3    8.78600025177002
    -23.8    8.70600032806396
2018-06-25 00:00:00 7 2
    -8    9.99199962615967
    -10.5    9.39249992370605
    -13.3    8.85299968719482
    -15    8.83100032806396
    -19    8.82180023193359
    -21.3    8.82299995422363
    -23.8    8.73400020599365
2018-06-25 12:00:00 7 2
    -8    10.0010004043579
    -10.5    9.39980030059814
    -13.3    8.8439998626709
    -15    8.83100032806396
    -19    8.82540035247803
    -21.3    8.74899959564209
    -23.8    8.70600032806396
2018-06-26 00:00:00 7 2
    -8    10.0010004043579
    -10.5    9.46909999847412
    -13.3    8.8439998626709
    -15    8.83940029144287
    -19    8.82909965515137
    -21.3    8.76700019836426
    -23.8    8.72500038146973
2018-06-26 12:00:00 7 2
    -8    9.97399997711182
    -10.5    9.37740039825439
    -13.3    8.8439998626709
    -15    8.84710025787354
    -19    8.82649993896484
    -21.3    8.75800037384033
    -23.8    8.70600032806396
2018-06-27 00:00:00 7 2
    -8    9.9370002746582
    -10.5    9.40830039978027
    -13.3    8.85299968719482
    -15    8.85200023651123
    -19    8.82660007476807
    -21.3    8.79500007629395
    -23.8    8.70600032806396
2018-06-27 12:00:00 7 2
    -8    9.94600009918213
    -10.5    9.43459987640381
    -13.3    8.83500003814697
    -15    8.84539985656738
    -19    8.81929969787598
    -21.3    8.78600025177002
    -23.8    8.69699954986572
2018-06-28 00:00:00 7 2
    -8    9.98299980163574
    -10.5    9.54269981384277
    -13.3    8.87199974060059
    -15    8.8439998626709
    -19    8.81669998168945
    -21.3    8.79500007629395
    -23.8    8.71599960327148
2018-06-28 12:00:00 7 2
    -8    9.99199962615967
    -10.5    9.64150047302246
    -13.3    8.87199974060059
    -15    8.84020042419434
    -19    8.81060028076172
    -21.3    8.78600025177002
    -23.8    8.69699954986572
2018-06-29 00:00:00 7 2
    -8    9.98299980163574
    -10.5    9.48289966583252
    -13.3    8.85299968719482
    -15    8.83790016174316
    -19    8.81019973754883
    -21.3    8.75800037384033
    -23.8    8.70600032806396
2018-06-29 12:00:00 7 2
    -8    10.0290002822876
    -10.5    9.57800006866455
    -13.3    8.86299991607666
    -15    8.83749961853027
    -19    8.80990028381348
    -21.3    8.76700019836426
    -23.8    8.65999984741211
2018-06-30 00:00:00 7 2
    -8    10.0559997558594
    -10.5    9.52149963378906
    -13.3    8.90900039672852
    -15    8.83250045776367
    -19    8.80459976196289
    -21.3    8.7209997177124
    -23.8    8.65999984741211
2018-06-30 12:00:00 7 2
    -8    10.0010004043579
    -10.5    9.35939979553223
    -13.3    8.88099956512451
    -15    8.82859992980957
    -19    8.79850006103516
    -21.3    8.75800037384033
    -23.8    8.6879997253418
2018-07-01 00:00:00 7 2
    -8    10.0559997558594
    -10.5    9.50619983673096
    -13.3    8.90900039672852
    -15    8.83450031280518
    -19    8.79619979858398
    -21.3    8.75800037384033
    -23.8    8.64999961853027
2018-07-01 12:00:00 7 2
    -8    10.0290002822876
    -10.5    9.52950000762939
    -13.3    8.97399997711182
    -15    8.84070014953613
    -19    8.78890037536621
    -21.3    8.75800037384033
    -23.8    8.6879997253418
2018-07-02 00:00:00 7 2
    -8    10.0649995803833
    -10.5    9.55259990692139
    -13.3    9.10400009155273
    -15    8.84659957885742
    -19    8.76439952850342
    -21.3    8.7209997177124
    -23.8    8.66899967193604
2018-07-02 12:00:00 7 2
    -8    10.0290002822876
    -10.5    9.53369998931885
    -13.3    9.11299991607666
    -15    8.81459999084473
    -19    8.74590015411377
    -21.3    8.70199966430664
    -23.8    8.67800045013428
2018-07-03 00:00:00 7 2
    -8    10.0559997558594
    -10.5    9.6378002166748
    -13.3    9.13199996948242
    -15    8.80739974975586
    -19    8.73239994049072
    -21.3    8.74899959564209
    -23.8    8.64999961853027
2018-07-03 12:00:00 7 2
    -8    10.2480001449585
    -10.5    9.61730003356934
    -13.3    9.26099967956543
    -15    8.81630039215088
    -19    8.72760009765625
    -21.3    8.73900032043457
    -23.8    8.63199996948242
2018-07-04 00:00:00 7 2
    -8    10.5290002822876
    -10.5    9.64809989929199
    -13.3    9.30799961090088
    -15    8.7987003326416
    -19    8.73519992828369
    -21.3    8.65499973297119
    -23.8    8.67800045013428
2018-07-04 12:00:00 7 2
    -8    10.6470003128052
    -10.5    9.65330028533936
    -13.3    9.33500003814697
    -15    8.80189990997314
    -19    8.73820018768311
    -21.3    8.67399978637695
    -23.8    8.64999961853027
2018-07-05 00:00:00 7 2
    -8    10.8819999694824
    -10.5    9.70699977874756
    -13.3    9.31700038909912
    -15    8.81309986114502
    -19    8.72519969940186
    -21.3    8.7209997177124
    -23.8    8.66899967193604
2018-07-05 12:00:00 7 2
    -8    10.8190002441406
    -10.5    9.90190029144287
    -13.3    9.24300003051758
    -15    8.81999969482422
    -19    8.71759986877441
    -21.3    8.68299961090088
    -23.8    8.6879997253418
2018-07-06 00:00:00 7 2
    -8    13.1490001678467
    -10.5    11.6332998275757
    -13.3    9.52000045776367
    -15    9.06760025024414
    -19    8.72280025482178
    -21.3    8.69299983978271
    -23.8    8.65999984741211
2018-07-06 12:00:00 7 2
    -8    12.5769996643066
    -10.5    9.50500011444092
    -13.3    9.27099990844727
    -15    8.80370044708252
    -19    8.67720031738281
    -21.3    8.66499996185303
    -23.8    8.66899967193604
2018-07-07 00:00:00 7 2
    -8    11.4130001068115
    -10.5    9.49730014801025
    -13.3    9.2519998550415
    -15    8.78120040893555
    -19    8.67360019683838
    -21.3    8.70199966430664
    -23.8    8.62199974060059
2018-07-07 12:00:00 7 2
    -8    13.3859996795654
    -10.5    10.1012001037598
    -13.3    9.49199962615967
    -15    8.96689987182617
    -19    8.67430019378662
    -21.3    8.65499973297119
    -23.8    8.66899967193604
2018-07-08 00:00:00 7 2
    -8    12.1440000534058
    -10.5    9.52040004730225
    -13.3    9.23400020599365
    -15    8.74880027770996
    -19    8.667799949646
    -21.3    8.66499996185303
    -23.8    8.65999984741211
2018-07-08 12:00:00 7 2
    -8    11.3050003051758
    -10.5    9.65520000457764
    -13.3    9.07600021362305
    -15    8.73200035095215
    -19    8.66679954528809
    -21.3    8.64599990844727
    -23.8    8.64999961853027
2018-07-09 00:00:00 7 2
    -8    11.6359996795654
    -10.5    9.72259998321533
    -13.3    9.03899955749512
    -15    8.75389957427979
    -19    8.66100025177002
    -21.3    8.65499973297119
    -23.8    8.65999984741211
2018-07-09 12:00:00 7 2
    -8    11.0719995498657
    -10.5    9.63420009613037
    -13.3    9.04800033569336
    -15    8.71669960021973
    -19    8.65499973297119
    -21.3    8.6269998550415
    -23.8    8.62199974060059
2018-07-10 00:00:00 7 2
    -8    10.4479999542236
    -10.5    9.57800006866455
    -13.3    8.90900039672852
    -15    8.69540023803711
    -19    8.65289974212646
    -21.3    8.65499973297119
    -23.8    8.64099979400635
2018-07-10 12:00:00 7 2
    -8    10.4569997787476
    -10.5    9.48859977722168
    -13.3    8.96500015258789
    -15    8.68850040435791
    -19    8.65240001678467
    -21.3    8.66499996185303
    -23.8    8.62199974060059
2018-07-11 00:00:00 7 2
    -8    10.4569997787476
    -10.5    9.76700019836426
    -13.3    9.06700038909912
    -15    8.69209957122803
    -19    8.65659999847412
    -21.3    8.66499996185303
    -23.8    8.64999961853027
2018-07-11 12:00:00 7 2
    -8    10.1020002365112
    -10.5    9.44530010223389
    -13.3    8.8439998626709
    -15    8.68509960174561
    -19    8.65900039672852
    -21.3    8.64599990844727
    -23.8    8.63199996948242
2018-07-12 00:00:00 7 2
    -8    10.3660001754761
    -10.5    9.66100025177002
    -13.3    8.91800022125244
    -15    8.71249961853027
    -19    8.66209983825684
    -21.3    8.64599990844727
    -23.8    8.62199974060059
2018-07-12 12:00:00 7 2
    -8    10.0100002288818
    -10.5    9.54189968109131
    -13.3    8.89999961853027
    -15    8.68939971923828
    -19    8.66619968414307
    -21.3    8.64599990844727
    -23.8    8.62199974060059
2018-07-13 00:00:00 7 2
    -8    10.0740003585815
    -10.5    9.39029979705811
    -13.3    8.89099979400635
    -15    8.67829990386963
    -19    8.66769981384277
    -21.3    8.65499973297119
    -23.8    8.62199974060059
2018-07-13 12:00:00 7 2
    -8    9.98299980163574
    -10.5    9.44410037994385
    -13.3    8.89999961853027
    -15    8.68789958953857
    -19    8.65900039672852
    -21.3    8.63700008392334
    -23.8    8.5939998626709
2018-07-14 00:00:00 7 2
    -8    9.99199962615967
    -10.5    9.50559997558594
    -13.3    8.87199974060059
    -15    8.70090007781982
    -19    8.66209983825684
    -21.3    8.64599990844727
    -23.8    8.62199974060059
2018-07-14 12:00:00 7 2
    -8    9.94600009918213
    -10.5    9.49120044708252
    -13.3    8.86299991607666
    -15    8.72579956054688
    -19    8.66749954223633
    -21.3    8.61800003051758
    -23.8    8.63199996948242
2018-07-15 00:00:00 7 2
    -8    9.99199962615967
    -10.5    9.4069995880127
    -13.3    8.99300003051758
    -15    8.75599956512451
    -19    8.67119979858398
    -21.3    8.64599990844727
    -23.8    8.62199974060059
2018-07-15 12:00:00 7 2
    -8    9.98299980163574
    -10.5    9.53870010375977
    -13.3    8.87199974060059
    -15    8.73499965667725
    -19    8.66699981689453
    -21.3    8.66499996185303
    -23.8    8.62199974060059
2018-07-16 00:00:00 7 2
    -8    9.94600009918213
    -10.5    9.5226001739502
    -13.3    8.83500003814697
    -15    8.71870040893555
    -19    8.67430019378662
    -21.3    8.61800003051758
    -23.8    8.58500003814697
2018-07-16 12:00:00 7 2
    -8    9.97399997711182
    -10.5    9.54049968719482
    -13.3    8.87199974060059
    -15    8.7278995513916
    -19    8.68099975585938
    -21.3    8.60799980163574
    -23.8    8.60400009155273
2018-07-17 00:00:00 7 2
    -8    9.85499954223633
    -10.5    9.45790004730225
    -13.3    8.82499980926514
    -15    8.71000003814697
    -19    8.67829990386963
    -21.3    8.66499996185303
    -23.8    8.58500003814697
2018-07-17 12:00:00 7 2
    -8    9.8730001449585
    -10.5    9.35060024261475
    -13.3    8.83500003814697
    -15    8.72130012512207
    -19    8.67889976501465
    -21.3    8.65499973297119
    -23.8    8.62199974060059
2018-07-18 00:00:00 7 2
    -8    10.2019996643066
    -10.5    9.31809997558594
    -13.3    8.88099956512451
    -15    8.77280044555664
    -19    8.66230010986328
    -21.3    8.59899997711182
    -23.8    8.61299991607666
2018-07-18 12:00:00 7 2
    -8    9.98299980163574
    -10.5    9.37160015106201
    -13.3    8.90900039672852
    -15    8.76930046081543
    -19    8.67490005493164
    -21.3    8.63700008392334
    -23.8    8.60400009155273
2018-07-19 00:00:00 7 2
    -8    9.98299980163574
    -10.5    9.28450012207031
    -13.3    8.86299991607666
    -15    8.7480001449585
    -19    8.67119979858398
    -21.3    8.63700008392334
    -23.8    8.61299991607666
2018-07-19 12:00:00 7 2
    -8    9.83699989318848
    -10.5    9.05379962921143
    -13.3    8.78800010681152
    -15    8.7101001739502
    -19    8.67169952392578
    -21.3    8.61800003051758
    -23.8    8.62199974060059
2018-07-20 00:00:00 7 2
    -8    9.80000019073486
    -10.5    9.09770011901855
    -13.3    8.75100040435791
    -15    8.7096004486084
    -19    8.67150020599365
    -21.3    8.60799980163574
    -23.8    8.58500003814697
2018-07-20 12:00:00 7 2
    -8    9.76299953460693
    -10.5    9.14850044250488
    -13.3    8.75100040435791
    -15    8.707200050354
    -19    8.68270015716553
    -21.3    8.64599990844727
    -23.8    8.5939998626709
2018-07-21 00:00:00 7 2
    -8    9.88199996948242
    -10.5    9.18920040130615
    -13.3    8.73200035095215
    -15    8.70269966125488
    -19    8.66810035705566
    -21.3    8.6269998550415
    -23.8    8.62199974060059
2018-07-21 12:00:00 7 2
    -8    10.1199998855591
    -10.5    9.2012996673584
    -13.3    8.72299957275391
    -15    8.70269966125488
    -19    8.65270042419434
    -21.3    8.6269998550415
    -23.8    8.61299991607666
2018-07-22 00:00:00 7 2
    -8    10.3109998703003
    -10.5    9.29139995574951
    -13.3    8.74199962615967
    -15    8.69750022888184
    -19    8.64389991760254
    -21.3    8.63700008392334
    -23.8    8.61299991607666
2018-07-22 12:00:00 7 2
    -8    10.5839996337891
    -10.5    9.27980041503906
    -13.3    8.8439998626709
    -15    8.66359996795654
    -19    8.63469982147217
    -21.3    8.6269998550415
    -23.8    8.62199974060059
2018-07-23 00:00:00 7 2
    -8    11.4659996032715
    -10.5    9.26399993896484
    -13.3    8.8439998626709
    -15    8.65499973297119
    -19    8.63099956512451
    -21.3    8.61800003051758
    -23.8    8.58500003814697
2018-07-23 12:00:00 7 2
    -8    10.9899997711182
    -10.5    9.34319972991943
    -13.3    8.89099979400635
    -15    8.66180038452148
    -19    8.63210010528564
    -21.3    8.6269998550415
    -23.8    8.60400009155273
2018-07-24 00:00:00 7 2
    -8    10.5930004119873
    -10.5    9.21300029754639
    -13.3    8.80700016021729
    -15    8.67930030822754
    -19    8.63080024719238
    -21.3    8.66499996185303
    -23.8    8.62199974060059
2018-07-24 12:00:00 7 2
    -8    10.5749998092651
    -10.5    9.44690036773682
    -13.3    8.79800033569336
    -15    8.67910003662109
    -19    8.63169956207275
    -21.3    8.61800003051758
    -23.8    8.61299991607666
2018-07-25 00:00:00 7 2
    -8    11.5019998550415
    -10.5    9.6500997543335
    -13.3    8.87199974060059
    -15    8.76589965820312
    -19    8.63379955291748
    -21.3    8.60799980163574
    -23.8    8.62199974060059
2018-07-25 12:00:00 7 2
    -8    10.2749996185303
    -10.5    9.18630027770996
    -13.3    8.83500003814697
    -15    8.76340007781982
    -19    8.63549995422363
    -21.3    8.6269998550415
    -23.8    8.61299991607666
2018-07-26 00:00:00 7 2
    -8    12.1440000534058
    -10.5    9.69099998474121
    -13.3    8.89999961853027
    -15    8.80910015106201
    -19    8.65110015869141
    -21.3    8.67399978637695
    -23.8    8.64099979400635
2018-07-26 12:00:00 7 2
    -8    10.6829996109009
    -10.5    9.26589965820312
    -13.3    8.83500003814697
    -15    8.80189990997314
    -19    8.68019962310791
    -21.3    8.57999992370605
    -23.8    8.61299991607666
2018-07-27 00:00:00 7 2
    -8    10.9899997711182
    -10.5    9.07569980621338
    -13.3    8.83500003814697
    -15    8.82120037078857
    -19    8.71959972381592
    -21.3    8.61800003051758
    -23.8    8.63199996948242
2018-07-27 12:00:00 7 2
    -8    10.3479995727539
    -10.5    9.36460018157959
    -13.3    8.87199974060059
    -15    8.82260036468506
    -19    8.74180030822754
    -21.3    8.64599990844727
    -23.8    8.64099979400635
2018-07-28 00:00:00 7 2
    -8    10.664999961853
    -10.5    9.08119964599609
    -13.3    8.83500003814697
    -15    8.82750034332275
    -19    8.75220012664795
    -21.3    8.66499996185303
    -23.8    8.64999961853027
2018-07-28 12:00:00 7 2
    -8    10.9359998703003
    -10.5    9.43270015716553
    -13.3    8.87199974060059
    -15    8.83349990844727
    -19    8.76749992370605
    -21.3    8.65499973297119
    -23.8    8.63199996948242
2018-07-29 00:00:00 7 2
    -8    11.7700004577637
    -10.5    9.14249992370605
    -13.3    8.85299968719482
    -15    8.81830024719238
    -19    8.7273998260498
    -21.3    8.66499996185303
    -23.8    8.65999984741211
2018-07-29 12:00:00 7 2
    -8    10.8549995422363
    -10.5    9.19089984893799
    -13.3    8.85299968719482
    -15    8.81849956512451
    -19    8.76249980926514
    -21.3    8.71100044250488
    -23.8    8.64999961853027
2018-07-30 00:00:00 7 2
    -8    12.1879997253418
    -10.5    9.45040035247803
    -13.3    8.89999961853027
    -15    8.81610012054443
    -19    8.73320007324219
    -21.3    8.70199966430664
    -23.8    8.64999961853027
2018-07-30 12:00:00 7 2
    -8    11.7170000076294
    -10.5    9.07559967041016
    -13.3    8.8439998626709
    -15    8.79319953918457
    -19    8.72770023345947
    -21.3    8.71100044250488
    -23.8    8.65999984741211
2018-07-31 00:00:00 7 2
    -8    11.7700004577637
    -10.5    9.16059970855713
    -13.3    8.8439998626709
    -15    8.80329990386963
    -19    8.71710014343262
    -21.3    8.70199966430664
    -23.8    8.66899967193604
2018-07-31 12:00:00 7 2
    -8    12.1619997024536
    -10.5    9.62969970703125
    -13.3    8.86299991607666
    -15    8.81919956207275
    -19    8.75170040130615
    -21.3    8.65499973297119
    -23.8    8.65999984741211
2018-08-01 00:00:00 7 2
    -8    11.8680000305176
    -10.5    9.12100028991699
    -13.3    8.83500003814697
    -15    8.82129955291748
    -19    8.70409965515137
    -21.3    8.67399978637695
    -23.8    8.67800045013428
2018-08-01 12:00:00 7 2
    -8    12.1079998016357
    -10.5    10.374400138855
    -13.3    8.89999961853027
    -15    8.83829975128174
    -19    8.71640014648438
    -21.3    8.70199966430664
    -23.8    8.66899967193604
2018-08-02 00:00:00 7 2
    -8    11.9659996032715
    -10.5    9.58819961547852
    -13.3    8.89999961853027
    -15    8.8262996673584
    -19    8.71119976043701
    -21.3    8.70199966430664
    -23.8    8.6879997253418
2018-08-02 12:00:00 7 2
    -8    12.1789999008179
    -10.5    9.43840026855469
    -13.3    8.82499980926514
    -15    8.80749988555908
    -19    8.69950008392334
    -21.3    8.71100044250488
    -23.8    8.67800045013428
2018-08-03 00:00:00 7 2
    -8    12.5950002670288
    -10.5    10.1780996322632
    -13.3    9.15999984741211
    -15    8.79100036621094
    -19    8.69779968261719
    -21.3    8.70199966430664
    -23.8    8.67800045013428
2018-08-03 12:00:00 7 2
    -8    12.3739995956421
    -10.5    9.69169998168945
    -13.3    8.91800022125244
    -15    8.76729965209961
    -19    8.69069957733154
    -21.3    8.68299961090088
    -23.8    8.66899967193604
2018-08-04 00:00:00 7 2
    -8    12.5329999923706
    -10.5    10.2662000656128
    -13.3    8.88099956512451
    -15    8.74839973449707
    -19    8.68900012969971
    -21.3    8.67399978637695
    -23.8    8.65999984741211
2018-08-04 12:00:00 7 2
    -8    12.7799997329712
    -10.5    9.78030014038086
    -13.3    9.09500026702881
    -15    8.70409965515137
    -19    8.68690013885498
    -21.3    8.68299961090088
    -23.8    8.6879997253418
2018-08-05 00:00:00 7 2
    -8    12.2329998016357
    -10.5    9.64700031280518
    -13.3    8.8439998626709
    -15    8.67679977416992
    -19    8.67790031433105
    -21.3    8.65499973297119
    -23.8    8.69699954986572
2018-08-05 12:00:00 7 2
    -8    11.9840002059937
    -10.5    9.50850009918213
    -13.3    8.98299980163574
    -15    8.66759967803955
    -19    8.6702995300293
    -21.3    8.69299983978271
    -23.8    8.66899967193604
2018-08-06 00:00:00 7 2
    -8    13.0260000228882
    -10.5    9.3326997756958
    -13.3    9.14099979400635
    -15    8.79300022125244
    -19    8.66460037231445
    -21.3    8.70199966430664
    -23.8    8.66899967193604
2018-08-06 12:00:00 7 2
    -8    12.6129999160767
    -10.5    9.33670043945312
    -13.3    9.04800033569336
    -15    8.74580001831055
    -19    8.65919971466064
    -21.3    8.64599990844727
    -23.8    8.63199996948242
2018-08-07 00:00:00 7 2
    -8    12.6920003890991
    -10.5    10.1239995956421
    -13.3    9.1870002746582
    -15    8.79800033569336
    -19    8.65289974212646
    -21.3    8.69299983978271
    -23.8    8.65999984741211
2018-08-07 12:00:00 7 2
    -8    12.28600025177
    -10.5    9.36670017242432
    -13.3    9.14999961853027
    -15    8.69890022277832
    -19    8.65079975128174
    -21.3    8.64599990844727
    -23.8    8.65999984741211
2018-08-08 00:00:00 7 2
    -8    12.4449996948242
    -10.5    9.25629997253418
    -13.3    9.15999984741211
    -15    8.69960021972656
    -19    8.64809989929199
    -21.3    8.67399978637695
    -23.8    8.64999961853027
2018-08-08 12:00:00 7 2
    -8    12.1260004043579
    -10.5    9.25870037078857
    -13.3    9.14099979400635
    -15    8.70359992980957
    -19    8.64029979705811
    -21.3    8.65499973297119
    -23.8    8.60400009155273
2018-08-09 00:00:00 7 2
    -8    10.9899997711182
    -10.5    9.19369983673096
    -13.3    9.0019998550415
    -15    8.66919994354248
    -19    8.63339996337891
    -21.3    8.64599990844727
    -23.8    8.63199996948242
2018-08-09 12:00:00 7 2
    -8    11.3140001296997
    -10.5    9.20919990539551
    -13.3    9.01099967956543
    -15    8.66749954223633
    -19    8.6269998550415
    -21.3    8.65499973297119
    -23.8    8.64099979400635
2018-08-10 00:00:00 7 2
    -8    11.5559997558594
    -10.5    9.18400001525879
    -13.3    9.02099990844727
    -15    8.67479991912842
    -19    8.6245002746582
    -21.3    8.61800003051758
    -23.8    8.61299991607666
2018-08-10 12:00:00 7 2
    -8    11.5649995803833
    -10.5    9.23700046539307
    -13.3    9.06700038909912
    -15    8.67570018768311
    -19    8.6225004196167
    -21.3    8.6269998550415
    -23.8    8.61299991607666
2018-08-11 00:00:00 7 2
    -8    11.1169996261597
    -10.5    9.15970039367676
    -13.3    8.96500015258789
    -15    8.64169979095459
    -19    8.61979961395264
    -21.3    8.61800003051758
    -23.8    8.58500003814697
2018-08-11 12:00:00 7 2
    -8    11.8500003814697
    -10.5    9.26239967346191
    -13.3    9.07600021362305
    -15    8.65659999847412
    -19    8.61540031433105
    -21.3    8.60799980163574
    -23.8    8.61299991607666
2018-08-12 00:00:00 7 2
    -8    11.9479999542236
    -10.5    9.79100036621094
    -13.3    9.05799961090088
    -15    8.83559989929199
    -19    8.61149978637695
    -21.3    8.63700008392334
    -23.8    8.60400009155273
2018-08-12 12:00:00 7 2
    -8    11.4840002059937
    -10.5    9.27110004425049
    -13.3    8.97399997711182
    -15    8.63560009002686
    -19    8.60869979858398
    -21.3    8.60799980163574
    -23.8    8.60400009155273
2018-08-13 00:00:00 7 2
    -8    11.1969995498657
    -10.5    9.19729995727539
    -13.3    9.02099990844727
    -15    8.62829971313477
    -19    8.6077995300293
    -21.3    8.60799980163574
    -23.8    8.5939998626709
2018-08-13 12:00:00 7 2
    -8    12.0200004577637
    -10.5    9.47659969329834
    -13.3    9.15999984741211
    -15    8.79100036621094
    -19    8.6068000793457
    -21.3    8.63700008392334
    -23.8    8.5939998626709
2018-08-14 00:00:00 7 2
    -8    12.5769996643066
    -10.5    10.4989995956421
    -13.3    9.23400020599365
    -15    9.0172004699707
    -19    8.60389995574951
    -21.3    8.6269998550415
    -23.8    8.60400009155273
2018-08-14 12:00:00 7 2
    -8    11.9219999313354
    -10.5    9.52299976348877
    -13.3    9.13199996948242
    -15    8.70380020141602
    -19    8.60439968109131
    -21.3    8.59899997711182
    -23.8    8.56599998474121
2018-08-15 00:00:00 7 2
    -8    11.7969999313354
    -10.5    9.43690013885498
    -13.3    9.20600032806396
    -15    8.63010025024414
    -19    8.60260009765625
    -21.3    8.6269998550415
    -23.8    8.61299991607666
2018-08-15 12:00:00 7 2
    -8    12.4709997177124
    -10.5    9.61340045928955
    -13.3    9.29800033569336
    -15    8.94849967956543
    -19    8.60099983215332
    -21.3    8.60799980163574
    -23.8    8.5939998626709
2018-08-16 00:00:00 7 2
    -8    11.8149995803833
    -10.5    9.55900001525879
    -13.3    9.23400020599365
    -15    8.63619995117188
    -19    8.6008996963501
    -21.3    8.60799980163574
    -23.8    8.61299991607666
2018-08-16 12:00:00 7 2
    -8    11.7790002822876
    -10.5    9.49600028991699
    -13.3    9.22399997711182
    -15    8.63080024719238
    -19    8.60159969329834
    -21.3    8.57100009918213
    -23.8    8.58500003814697
2018-08-17 00:00:00 7 2
    -8    11.5920000076294
    -10.5    9.52530002593994
    -13.3    9.16899967193604
    -15    8.61870002746582
    -19    8.60099983215332
    -21.3    8.57999992370605
    -23.8    8.62199974060059
2018-08-17 12:00:00 7 2
    -8    11.6450004577637
    -10.5    9.57600021362305
    -13.3    9.20600032806396
    -15    8.61289978027344
    -19    8.6023998260498
    -21.3    8.61800003051758
    -23.8    8.61299991607666
2018-08-18 00:00:00 7 2
    -8    12.1879997253418
    -10.5    9.7992000579834
    -13.3    9.38099956512451
    -15    9.11699962615967
    -19    8.605299949646
    -21.3    8.60799980163574
    -23.8    8.61299991607666
2018-08-18 12:00:00 7 2
    -8    11.9040002822876
    -10.5    9.49090003967285
    -13.3    9.23400020599365
    -15    8.62950038909912
    -19    8.60369968414307
    -21.3    8.6269998550415
    -23.8    8.5939998626709
2018-08-19 00:00:00 7 2
    -8    11.8240003585815
    -10.5    9.79740047454834
    -13.3    9.20600032806396
    -15    8.65359973907471
    -19    8.60709953308105
    -21.3    8.60799980163574
    -23.8    8.5939998626709
2018-08-19 12:00:00 7 2
    -8    11.7609996795654
    -10.5    9.7047004699707
    -13.3    8.92800045013428
    -15    8.61690044403076
    -19    8.60659980773926
    -21.3    8.6269998550415
    -23.8    8.63199996948242
2018-08-20 00:00:00 7 2
    -8    12.3570003509521
    -10.5    10.082799911499
    -13.3    9.32600021362305
    -15    8.64350032806396
    -19    8.61079978942871
    -21.3    8.60799980163574
    -23.8    8.64099979400635
2018-08-20 12:00:00 7 2
    -8    11.8059997558594
    -10.5    9.59879970550537
    -13.3    9.13199996948242
    -15    8.62290000915527
    -19    8.61200046539307
    -21.3    8.6269998550415
    -23.8    8.60400009155273
2018-08-21 00:00:00 7 2
    -8    12.0989999771118
    -10.5    9.457200050354
    -13.3    9.24300003051758
    -15    8.64229965209961
    -19    8.61769962310791
    -21.3    8.6269998550415
    -23.8    8.5939998626709
2018-08-21 12:00:00 7 2
    -8    12.2679996490479
    -10.5    9.78359985351562
    -13.3    9.26099967956543
    -15    8.64890003204346
    -19    8.6201000213623
    -21.3    8.60799980163574
    -23.8    8.60400009155273
2018-08-22 00:00:00 7 2
    -8    12.206000328064
    -10.5    10.7125997543335
    -13.3    9.35400009155273
    -15    8.6628999710083
    -19    8.62240028381348
    -21.3    8.64599990844727
    -23.8    8.60400009155273
2018-08-22 12:00:00 7 2
    -8    11.8149995803833
    -10.5    9.59720039367676
    -13.3    9.01099967956543
    -15    8.63720035552979
    -19    8.6225004196167
    -21.3    8.6269998550415
    -23.8    8.61299991607666
2018-08-23 00:00:00 7 2
    -8    11.5920000076294
    -10.5    9.42700004577637
    -13.3    8.7790002822876
    -15    8.63500022888184
    -19    8.62290000915527
    -21.3    8.6269998550415
    -23.8    8.61299991607666
2018-08-23 12:00:00 7 2
    -8    11.7790002822876
    -10.5    9.43640041351318
    -13.3    8.90900039672852
    -15    8.64770030975342
    -19    8.62469959259033
    -21.3    8.64599990844727
    -23.8    8.64999961853027
2018-08-24 00:00:00 7 2
    -8    12.6040000915527
    -10.5    9.71000003814697
    -13.3    9.33500003814697
    -15    8.69670009613037
    -19    8.62679958343506
    -21.3    8.63700008392334
    -23.8    8.61299991607666
2018-08-24 12:00:00 7 2
    -8    11.9930000305176
    -10.5    9.70359992980957
    -13.3    9.32600021362305
    -15    8.69779968261719
    -19    8.62759971618652
    -21.3    8.65499973297119
    -23.8    8.63199996948242
2018-08-25 00:00:00 7 2
    -8    11.6009998321533
    -10.5    9.55150032043457
    -13.3    9.08600044250488
    -15    8.66819953918457
    -19    8.62870025634766
    -21.3    8.64599990844727
    -23.8    8.63199996948242
2018-08-25 12:00:00 7 2
    -8    11.5019998550415
    -10.5    9.5753002166748
    -13.3    8.72299957275391
    -15    8.64900016784668
    -19    8.62969970703125
    -21.3    8.6269998550415
    -23.8    8.57499980926514
2018-08-26 00:00:00 7 2
    -8    11.3680000305176
    -10.5    9.44839954376221
    -13.3    8.70400047302246
    -15    8.64770030975342
    -19    8.6314001083374
    -21.3    8.66499996185303
    -23.8    8.63199996948242
2018-08-26 12:00:00 7 2
    -8    11.5109996795654
    -10.5    9.55459976196289
    -13.3    8.73200035095215
    -15    8.66199970245361
    -19    8.63230037689209
    -21.3    8.63700008392334
    -23.8    8.63199996948242
2018-08-27 00:00:00 7 2
    -8    11.4399995803833
    -10.5    9.46549987792969
    -13.3    8.68599987030029
    -15    8.65900039672852
    -19    8.63529968261719
    -21.3    8.59899997711182
    -23.8    8.63199996948242
2018-08-27 12:00:00 7 2
    -8    11.081000328064
    -10.5    9.5221996307373
    -13.3    8.70400047302246
    -15    8.66460037231445
    -19    8.64099979400635
    -21.3    8.6269998550415
    -23.8    8.62199974060059
2018-08-28 00:00:00 7 2
    -8    10.628999710083
    -10.5    9.43529987335205
    -13.3    8.66699981689453
    -15    8.66759967803955
    -19    8.6431999206543
    -21.3    8.64599990844727
    -23.8    8.66899967193604
2018-08-28 12:00:00 7 2
    -8    10.6829996109009
    -10.5    9.33780002593994
    -13.3    8.70400047302246
    -15    8.67099952697754
    -19    8.65270042419434
    -21.3    8.66499996185303
    -23.8    8.63199996948242
2018-08-29 00:00:00 7 2
    -8    10.4020004272461
    -10.5    9.46590042114258
    -13.3    8.68599987030029
    -15    8.67590045928955
    -19    8.66129970550537
    -21.3    8.66499996185303
    -23.8    8.64099979400635
2018-08-29 12:00:00 7 2
    -8    10.4300003051758
    -10.5    9.6648998260498
    -13.3    8.71399974822998
    -15    8.68379974365234
    -19    8.66720008850098
    -21.3    8.66499996185303
    -23.8    8.64999961853027
2018-08-30 00:00:00 7 2
    -8    10.3570003509521
    -10.5    9.30980014801025
    -13.3    8.73200035095215
    -15    8.68770027160645
    -19    8.67539978027344
    -21.3    8.68299961090088
    -23.8    8.62199974060059
2018-08-30 12:00:00 7 2
    -8    10.6199998855591
    -10.5    9.10879993438721
    -13.3    8.71399974822998
    -15    8.69229984283447
    -19    8.67829990386963
    -21.3    8.65499973297119
    -23.8    8.64999961853027
2018-08-31 00:00:00 7 2
    -8    10.6560001373291
    -10.5    9.21469974517822
    -13.3    8.77000045776367
    -15    8.70049953460693
    -19    8.6806001663208
    -21.3    8.66499996185303
    -23.8    8.65999984741211
2018-08-31 12:00:00 7 2
    -8    10.3929996490479
    -10.5    9.17259979248047
    -13.3    8.73200035095215
    -15    8.70610046386719
    -19    8.68630027770996
    -21.3    8.68299961090088
    -23.8    8.61299991607666
2018-09-01 00:00:00 7 2
    -8    10.5290002822876
    -10.5    9.14210033416748
    -13.3    8.74199962615967
    -15    8.71080017089844
    -19    8.68830013275146
    -21.3    8.68299961090088
    -23.8    8.64999961853027
2018-09-01 12:00:00 7 2
    -8    10.5290002822876
    -10.5    8.99289989471436
    -13.3    8.77000045776367
    -15    8.72389984130859
    -19    8.69029998779297
    -21.3    8.71100044250488
    -23.8    8.67800045013428
2018-09-02 00:00:00 7 2
    -8    10.2390003204346
    -10.5    8.91600036621094
    -13.3    8.77000045776367
    -15    8.74149990081787
    -19    8.69369983673096
    -21.3    8.68299961090088
    -23.8    8.65999984741211
2018-09-02 12:00:00 7 2
    -8    10.4390001296997
    -10.5    9.07110023498535
    -13.3    8.82499980926514
    -15    8.76739978790283
    -19    8.69740009307861
    -21.3    8.68299961090088
    -23.8    8.64099979400635
2018-09-03 00:00:00 7 2
    -8    10.5749998092651
    -10.5    9.12709999084473
    -13.3    8.82499980926514
    -15    8.78919982910156
    -19    8.69960021972656
    -21.3    8.71100044250488
    -23.8    8.67800045013428
2018-09-03 12:00:00 7 2
    -8    10.4020004272461
    -10.5    9.19460010528564
    -13.3    8.83500003814697
    -15    8.79539966583252
    -19    8.70489978790283
    -21.3    8.70199966430664
    -23.8    8.67800045013428
2018-09-04 00:00:00 7 2
    -8    10.9720001220703
    -10.5    9.17109966278076
    -13.3    8.85299968719482
    -15    8.81709957122803
    -19    8.70820045471191
    -21.3    8.69299983978271
    -23.8    8.6879997253418
2018-09-04 12:00:00 7 2
    -8    10.8459997177124
    -10.5    9.21679973602295
    -13.3    8.86299991607666
    -15    8.81130027770996
    -19    8.70499992370605
    -21.3    8.68299961090088
    -23.8    8.62199974060059
2018-09-05 00:00:00 7 2
    -8    10.7110004425049
    -10.5    9.24829959869385
    -13.3    8.8439998626709
    -15    8.80620002746582
    -19    8.70670032501221
    -21.3    8.67399978637695
    -23.8    8.6879997253418
2018-09-05 12:00:00 7 2
    -8    10.7110004425049
    -10.5    9.52289962768555
    -13.3    8.86299991607666
    -15    8.82359981536865
    -19    8.74180030822754
    -21.3    8.68299961090088
    -23.8    8.64999961853027
2018-09-06 00:00:00 7 2
    -8    10.1199998855591
    -10.5    8.98820018768311
    -13.3    8.8439998626709
    -15    8.81309986114502
    -19    8.72280025482178
    -21.3    8.69299983978271
    -23.8    8.71599960327148
2018-09-06 12:00:00 7 2
    -8    10.9720001220703
    -10.5    9.2810001373291
    -13.3    8.8439998626709
    -15    8.82909965515137
    -19    8.72929954528809
    -21.3    8.70199966430664
    -23.8    8.65999984741211
2018-09-07 00:00:00 7 2
    -8    10.2659997940063
    -10.5    9.29049968719482
    -13.3    8.8439998626709
    -15    8.83110046386719
    -19    8.71940040588379
    -21.3    8.70199966430664
    -23.8    8.66899967193604
2018-09-07 12:00:00 7 2
    -8    10.2930002212524
    -10.5    9.19250011444092
    -13.3    8.83500003814697
    -15    8.81120014190674
    -19    8.71770000457764
    -21.3    8.67399978637695
    -23.8    8.66899967193604
2018-09-08 00:00:00 7 2
    -8    10.4930000305176
    -10.5    9.12790012359619
    -13.3    8.8439998626709
    -15    8.81330013275146
    -19    8.71640014648438
    -21.3    8.68299961090088
    -23.8    8.67800045013428
2018-09-08 12:00:00 7 2
    -8    10.6110000610352
    -10.5    9.34510040283203
    -13.3    8.86299991607666
    -15    8.82979965209961
    -19    8.72889995574951
    -21.3    8.70199966430664
    -23.8    8.67800045013428
2018-09-09 00:00:00 7 2
    -8    10.8459997177124
    -10.5    9.26430034637451
    -13.3    8.8439998626709
    -15    8.83150005340576
    -19    8.7165002822876
    -21.3    8.71100044250488
    -23.8    8.66899967193604
2018-09-09 12:00:00 7 2
    -8    10.7919998168945
    -10.5    9.41950035095215
    -13.3    8.85299968719482
    -15    8.83290004730225
    -19    8.72410011291504
    -21.3    8.71100044250488
    -23.8    8.66899967193604
2018-09-10 00:00:00 7 2
    -8    10.6470003128052
    -10.5    9.42679977416992
    -13.3    8.85299968719482
    -15    8.82699966430664
    -19    8.71679973602295
    -21.3    8.68299961090088
    -23.8    8.67800045013428
2018-09-10 12:00:00 7 2
    -8    10.6470003128052
    -10.5    9.38399982452393
    -13.3    8.86299991607666
    -15    8.83150005340576
    -19    8.71840000152588
    -21.3    8.69299983978271
    -23.8    8.65999984741211
2018-09-11 00:00:00 7 2
    -8    10.8190002441406
    -10.5    9.41139984130859
    -13.3    8.81599998474121
    -15    8.8253002166748
    -19    8.7101001739502
    -21.3    8.69299983978271
    -23.8    8.66899967193604
2018-09-11 12:00:00 7 2
    -8    10.664999961853
    -10.5    9.33930015563965
    -13.3    8.83500003814697
    -15    8.83139991760254
    -19    8.7180004119873
    -21.3    8.71100044250488
    -23.8    8.6879997253418
2018-09-12 00:00:00 7 2
    -8    11.0539999008179
    -10.5    9.29319953918457
    -13.3    8.85299968719482
    -15    8.83339977264404
    -19    8.71059989929199
    -21.3    8.70199966430664
    -23.8    8.69699954986572
2018-09-12 12:00:00 7 2
    -8    10.9090003967285
    -10.5    9.51109981536865
    -13.3    8.83500003814697
    -15    8.83479976654053
    -19    8.72060012817383
    -21.3    8.72999954223633
    -23.8    8.64099979400635
2018-09-13 00:00:00 7 2
    -8    10.9449996948242
    -10.5    9.33539962768555
    -13.3    8.8439998626709
    -15    8.83300018310547
    -19    8.70629978179932
    -21.3    8.72999954223633
    -23.8    8.67800045013428
2018-09-13 12:00:00 7 2
    -8    10.9090003967285
    -10.5    9.41580009460449
    -13.3    8.86299991607666
    -15    8.83040046691895
    -19    8.7165002822876
    -21.3    8.69299983978271
    -23.8    8.67800045013428
2018-09-14 00:00:00 7 2
    -8    11.0989999771118
    -10.5    9.50800037384033
    -13.3    8.8439998626709
    -15    8.83370018005371
    -19    8.70860004425049
    -21.3    8.67399978637695
    -23.8    8.66899967193604
2018-09-14 12:00:00 7 2
    -8    11.1169996261597
    -10.5    9.45310020446777
    -13.3    8.8439998626709
    -15    8.83199977874756
    -19    8.71059989929199
    -21.3    8.70199966430664
    -23.8    8.65999984741211
2018-09-15 00:00:00 7 2
    -8    11
    -10.5    9.25339984893799
    -13.3    8.86299991607666
    -15    8.82030010223389
    -19    8.70100021362305
    -21.3    8.68299961090088
    -23.8    8.67800045013428
2018-09-15 12:00:00 7 2
    -8    11.081000328064
    -10.5    9.45219993591309
    -13.3    8.85299968719482
    -15    8.82159996032715
    -19    8.69180011749268
    -21.3    8.67399978637695
    -23.8    8.69699954986572
2018-09-16 00:00:00 7 2
    -8    11.3229999542236
    -10.5    9.48840045928955
    -13.3    8.89099979400635
    -15    8.82079982757568
    -19    8.69740009307861
    -21.3    8.70199966430664
    -23.8    8.6879997253418
2018-09-16 12:00:00 7 2
    -8    11.1079998016357
    -10.5    9.47659969329834
    -13.3    8.89999961853027
    -15    8.81280040740967
    -19    8.69340038299561
    -21.3    8.7209997177124
    -23.8    8.66899967193604
2018-09-17 00:00:00 7 2
    -8    10.8100004196167
    -10.5    9.38930034637451
    -13.3    8.85299968719482
    -15    8.81319999694824
    -19    8.68340015411377
    -21.3    8.69299983978271
    -23.8    8.69699954986572
2018-09-17 12:00:00 7 2
    -8    10.8730001449585
    -10.5    9.29860019683838
    -13.3    8.86299991607666
    -15    8.82019996643066
    -19    8.68599987030029
    -21.3    8.67399978637695
    -23.8    8.67800045013428
2018-09-18 00:00:00 7 2
    -8    11.2600002288818
    -10.5    9.46440029144287
    -13.3    8.85299968719482
    -15    8.82299995422363
    -19    8.69159984588623
    -21.3    8.67399978637695
    -23.8    8.64099979400635
2018-09-18 12:00:00 7 2
    -8    11.5200004577637
    -10.5    9.45479965209961
    -13.3    8.85299968719482
    -15    8.82709980010986
    -19    8.68099975585938
    -21.3    8.66499996185303
    -23.8    8.64099979400635
2018-09-19 00:00:00 7 2
    -8    11.3319997787476
    -10.5    9.47350025177002
    -13.3    8.83500003814697
    -15    8.8213996887207
    -19    8.66219997406006
    -21.3    8.63700008392334
    -23.8    8.64099979400635
2018-09-19 12:00:00 7 2
    -8    11.6630001068115
    -10.5    9.53450012207031
    -13.3    8.86299991607666
    -15    8.81579971313477
    -19    8.65869998931885
    -21.3    8.64599990844727
    -23.8    8.61299991607666
2018-09-20 00:00:00 7 2
    -8    11.6719999313354
    -10.5    9.48610019683838
    -13.3    8.96500015258789
    -15    8.78359985351562
    -19    8.65139961242676
    -21.3    8.64599990844727
    -23.8    8.63199996948242
2018-09-20 12:00:00 7 2
    -8    11.7609996795654
    -10.5    9.54510021209717
    -13.3    8.97399997711182
    -15    8.74810028076172
    -19    8.65629959106445
    -21.3    8.63700008392334
    -23.8    8.61299991607666
2018-09-21 00:00:00 7 2
    -8    11.7700004577637
    -10.5    9.59700012207031
    -13.3    9.05799961090088
    -15    8.69740009307861
    -19    8.64879989624023
    -21.3    8.65499973297119
    -23.8    8.64099979400635
2018-09-21 12:00:00 7 2
    -8    11.8500003814697
    -10.5    9.64879989624023
    -13.3    9.1230001449585
    -15    8.73219966888428
    -19    8.63599967956543
    -21.3    8.65499973297119
    -23.8    8.62199974060059
2018-09-22 00:00:00 7 2
    -8    11.7259998321533
    -10.5    9.49740028381348
    -13.3    9.1870002746582
    -15    8.6963996887207
    -19    8.63729953765869
    -21.3    8.63700008392334
    -23.8    8.64099979400635
2018-09-22 12:00:00 7 2
    -8    11.9569997787476
    -10.5    9.5492000579834
    -13.3    9.22399997711182
    -15    8.72649955749512
    -19    8.62720012664795
    -21.3    8.60799980163574
    -23.8    8.64999961853027
2018-09-23 00:00:00 7 2
    -8    11.8149995803833
    -10.5    9.52449989318848
    -13.3    9.19699954986572
    -15    8.67949962615967
    -19    8.62180042266846
    -21.3    8.63700008392334
    -23.8    8.65999984741211
2018-09-23 12:00:00 7 2
    -8    11.7519998550415
    -10.5    9.51210021972656
    -13.3    9.19699954986572
    -15    8.77939987182617
    -19    8.61789989471436
    -21.3    8.63700008392334
    -23.8    8.5939998626709
2018-09-24 00:00:00 7 2
    -8    11.7080001831055
    -10.5    9.48900032043457
    -13.3    9.23400020599365
    -15    8.73810005187988
    -19    8.61550045013428
    -21.3    8.55200004577637
    -23.8    8.62199974060059
2018-09-24 12:00:00 7 2
    -8    11.5559997558594
    -10.5    9.46840000152588
    -13.3    9.19699954986572
    -15    8.72809982299805
    -19    8.61289978027344
    -21.3    8.64599990844727
    -23.8    8.61299991607666
2018-09-25 00:00:00 7 2
    -8    11.5830001831055
    -10.5    9.43809986114502
    -13.3    9.22399997711182
    -15    8.69820022583008
    -19    8.60890007019043
    -21.3    8.59899997711182
    -23.8    8.61299991607666
2018-09-25 12:00:00 7 2
    -8    11.7170000076294
    -10.5    9.42870044708252
    -13.3    9.28899955749512
    -15    8.87419986724854
    -19    8.61040019989014
    -21.3    8.59000015258789
    -23.8    8.53800010681152
2018-09-26 00:00:00 7 2
    -8    11.8059997558594
    -10.5    9.42730045318604
    -13.3    9.28899955749512
    -15    8.9055004119873
    -19    8.60499954223633
    -21.3    8.61800003051758
    -23.8    8.5939998626709
2018-09-26 12:00:00 7 2
    -8    11.9569997787476
    -10.5    9.41149997711182
    -13.3    9.26099967956543
    -15    8.93179988861084
    -19    8.60190010070801
    -21.3    8.5620002746582
    -23.8    8.5939998626709
2018-09-27 00:00:00 7 2
    -8    11.8420000076294
    -10.5    9.43159961700439
    -13.3    9.23400020599365
    -15    8.90069961547852
    -19    8.59879970550537
    -21.3    8.57100009918213
    -23.8    8.5939998626709
2018-09-27 12:00:00 7 2
    -8    11.8950004577637
    -10.5    9.51049995422363
    -13.3    9.24300003051758
    -15    8.89830017089844
    -19    8.60050010681152
    -21.3    8.60799980163574
    -23.8    8.62199974060059
2018-09-28 00:00:00 7 2
    -8    11.8149995803833
    -10.5    9.4694995880127
    -13.3    9.20600032806396
    -15    8.78279972076416
    -19    8.59430027008057
    -21.3    8.59899997711182
    -23.8    8.58500003814697
2018-09-28 12:00:00 7 2
    -8    11.7170000076294
    -10.5    9.39109992980957
    -13.3    9.14099979400635
    -15    8.70479965209961
    -19    8.59479999542236
    -21.3    8.59899997711182
    -23.8    8.5939998626709
2018-09-29 00:00:00 7 2
    -8    11.8500003814697
    -10.5    9.42290019989014
    -13.3    9.11299991607666
    -15    8.64999961853027
    -19    8.58950042724609
    -21.3    8.61800003051758
    -23.8    8.5939998626709
2018-09-29 12:00:00 7 2
    -8    11.8500003814697
    -10.5    9.49230003356934
    -13.3    9.10400009155273
    -15    8.62279987335205
    -19    8.58640003204346
    -21.3    8.57999992370605
    -23.8    8.55700016021729
2018-09-30 00:00:00 7 2
    -8    11.9479999542236
    -10.5    9.48750019073486
    -13.3    9.11299991607666
    -15    8.6225004196167
    -19    8.58100032806396
    -21.3    8.57999992370605
    -23.8    8.5939998626709
2018-09-30 12:00:00 7 2
    -8    11.8059997558594
    -10.5    9.46679973602295
    -13.3    9.08600044250488
    -15    8.59459972381592
    -19    8.57310009002686
    -21.3    8.59899997711182
    -23.8    8.57499980926514
2018-10-01 00:00:00 7 2
    -8    11.7880001068115
    -10.5    9.44540023803711
    -13.3    9.11299991607666
    -15    8.61040019989014
    -19    8.56879997253418
    -21.3    8.5620002746582
    -23.8    8.55700016021729
2018-10-01 12:00:00 7 2
    -8    11.6269998550415
    -10.5    9.4689998626709
    -13.3    9.14099979400635
    -15    8.61209964752197
    -19    8.56099987030029
    -21.3    8.57999992370605
    -23.8    8.56599998474121
2018-10-02 00:00:00 7 2
    -8    11.6359996795654
    -10.5    9.53209972381592
    -13.3    9.15999984741211
    -15    8.6254997253418
    -19    8.55039978027344
    -21.3    8.59000015258789
    -23.8    8.54699993133545
2018-10-02 12:00:00 7 2
    -8    11.8330001831055
    -10.5    9.56620025634766
    -13.3    9.13199996948242
    -15    8.62670040130615
    -19    8.54249954223633
    -21.3    8.52400016784668
    -23.8    8.56599998474121
2018-10-03 00:00:00 7 2
    -8    11.8950004577637
    -10.5    9.62839984893799
    -13.3    9.14999961853027
    -15    8.76550006866455
    -19    8.53670024871826
    -21.3    8.54300022125244
    -23.8    8.54699993133545
2018-10-03 12:00:00 7 2
    -8    11.6990003585815
    -10.5    9.55980014801025
    -13.3    9.13199996948242
    -15    8.69869995117188
    -19    8.52830028533936
    -21.3    8.52400016784668
    -23.8    8.53800010681152
